a1= 0.001660 
a2= 0.001660 
a3= 0.001660 
a4= 0.001660 
i1= 0.000006 
i2= 0.000006 
i3= 0.000006 
i4= 0.000006 
s1= 0.000000