a1= 0.001660 
a2= 0.001660 
a3= 0.001660 
a4= 0.001660 
a5= 0.001660 
a6= 0.001660 
a7= 0.001660 
a8= 0.001660 
a9= 0.001660
i1= 0.000006 
i2= 0.000006 
i3= 0.000006 
i4= 0.000006 
i5= 0.000006 
i6= 0.000006 
i7= 0.000006 
i8= 0.000006 
i9= 0.000006 
s1= 0.000000
s2 =  0
s3 =  0